========== alp ==========

[ WEB LOG -- 14:41:21(isucon7-1) ]

[ (1) TOP10 COUNT ]

+-------+-----+-----+-----+-----+-----+--------+--------------+-------+--------+----------+-------+-------+-------+-------+--------+-----------+-----------+--------------+-----------+
| COUNT | 1XX | 2XX | 3XX | 4XX | 5XX | METHOD |     URI      |  MIN  |  MAX   |   SUM    |  AVG  |  P1   |  P50  |  P99  | STDDEV | MIN(BODY) | MAX(BODY) |  SUM(BODY)   | AVG(BODY) |
+-------+-----+-----+-----+-----+-----+--------+--------------+-------+--------+----------+-------+-------+-------+-------+--------+-----------+-----------+--------------+-----------+
|   586 |   0 |   0 | 510 |  76 |   0 | POST   | /login       | 0.004 |  3.004 |  270.348 | 0.461 | 0.006 | 0.008 | 1.948 |  0.938 |     0.000 |     0.000 |        0.000 |     0.000 |
|   280 |   0 |   0 | 274 |   6 |   0 | POST   | /add_channel | 0.004 |  2.892 |    5.310 | 0.019 | 0.010 | 0.009 | 0.005 |  0.172 |     0.000 |     0.000 |        0.000 |     0.000 |
|   222 |   0 | 210 |   0 |  12 |   0 | GET    | /message     | 0.004 | 10.001 |  287.277 | 1.294 | 0.010 | 1.047 | 0.631 |  1.949 |     2.000 | 88863.000 | 12158166.000 | 54766.514 |
|   207 |   0 | 128 |   0 |  79 |   0 | GET    | /fetch       | 0.004 | 10.005 | 1102.484 | 5.326 | 1.329 | 2.288 | 1.144 |  3.653 |     0.000 |  3008.000 |   384844.000 |  1859.150 |
|   193 |   0 | 161 |   9 |  23 |   0 | GET    | /channel/.+  | 0.005 | 10.001 |  371.440 | 1.925 | 0.005 | 7.673 | 1.533 |  3.186 |  3122.000 |  3167.000 |   506961.000 |  2626.741 |
|   152 |   0 | 152 |   0 |   0 |   0 | GET    | /favicon.ico | 0.000 |  0.000 |    0.000 | 0.000 | 0.000 | 0.000 | 0.000 |  0.000 |   318.000 |   318.000 |    48336.000 |   318.000 |
|    52 |   0 |  47 |   4 |   1 |   0 | GET    | /history/.+  | 0.003 | 10.000 |   37.550 | 0.722 | 0.055 | 1.133 | 2.880 |  1.493 |     0.000 |  9019.000 |   290073.000 |  5578.327 |
|    48 |   0 |  22 |   0 |  26 |   0 | POST   | /message     | 0.007 |  3.002 |   94.209 | 1.963 | 0.007 | 3.001 | 0.752 |  1.072 |     0.000 |     0.000 |        0.000 |     0.000 |
|    30 |   0 |  18 |   6 |   6 |   0 | GET    | /profile/.+  | 0.004 | 10.001 |   37.918 | 1.264 | 0.014 | 0.035 | 3.288 |  2.997 |  3203.000 |  3232.000 |    56440.000 |  1881.333 |
|    26 |   0 |   0 |  20 |   6 |   0 | POST   | /register    | 0.006 |  3.001 |   20.439 | 0.786 | 0.012 | 0.156 | 2.875 |  1.221 |     0.000 |     0.000 |        0.000 |     0.000 |



[ (2) TOP10 SUM ]

+-------+-----+-----+-----+-----+-----+--------+--------------+-------+--------+----------+-------+-------+-------+-------+--------+-----------+-----------+--------------+-----------+
| COUNT | 1XX | 2XX | 3XX | 4XX | 5XX | METHOD |     URI      |  MIN  |  MAX   |   SUM    |  AVG  |  P1   |  P50  |  P99  | STDDEV | MIN(BODY) | MAX(BODY) |  SUM(BODY)   | AVG(BODY) |
+-------+-----+-----+-----+-----+-----+--------+--------------+-------+--------+----------+-------+-------+-------+-------+--------+-----------+-----------+--------------+-----------+
|   207 |   0 | 128 |   0 |  79 |   0 | GET    | /fetch       | 0.004 | 10.005 | 1102.484 | 5.326 | 1.329 | 2.288 | 1.144 |  3.653 |     0.000 |  3008.000 |   384844.000 |  1859.150 |
|   193 |   0 | 161 |   9 |  23 |   0 | GET    | /channel/.+  | 0.005 | 10.001 |  371.440 | 1.925 | 0.005 | 7.673 | 1.533 |  3.186 |  3122.000 |  3167.000 |   506961.000 |  2626.741 |
|   222 |   0 | 210 |   0 |  12 |   0 | GET    | /message     | 0.004 | 10.001 |  287.277 | 1.294 | 0.010 | 1.047 | 0.631 |  1.949 |     2.000 | 88863.000 | 12158166.000 | 54766.514 |
|   586 |   0 |   0 | 510 |  76 |   0 | POST   | /login       | 0.004 |  3.004 |  270.348 | 0.461 | 0.006 | 0.008 | 1.948 |  0.938 |     0.000 |     0.000 |        0.000 |     0.000 |
|    48 |   0 |  22 |   0 |  26 |   0 | POST   | /message     | 0.007 |  3.002 |   94.209 | 1.963 | 0.007 | 3.001 | 0.752 |  1.072 |     0.000 |     0.000 |        0.000 |     0.000 |
|    30 |   0 |  18 |   6 |   6 |   0 | GET    | /profile/.+  | 0.004 | 10.001 |   37.918 | 1.264 | 0.014 | 0.035 | 3.288 |  2.997 |  3203.000 |  3232.000 |    56440.000 |  1881.333 |
|    52 |   0 |  47 |   4 |   1 |   0 | GET    | /history/.+  | 0.003 | 10.000 |   37.550 | 0.722 | 0.055 | 1.133 | 2.880 |  1.493 |     0.000 |  9019.000 |   290073.000 |  5578.327 |
|    26 |   0 |   0 |  20 |   6 |   0 | POST   | /register    | 0.006 |  3.001 |   20.439 | 0.786 | 0.012 | 0.156 | 2.875 |  1.221 |     0.000 |     0.000 |        0.000 |     0.000 |
|    24 |   0 |   0 |  18 |   6 |   0 | POST   | /profile     | 0.006 |  1.749 |   12.936 | 0.539 | 0.014 | 0.022 | 1.740 |  0.585 |     0.000 |     0.000 |        0.000 |     0.000 |
|     9 |   0 |   0 |   9 |   0 |   0 | GET    | /logout      | 0.003 |  2.816 |    7.502 | 0.834 | 0.004 | 0.004 | 1.681 |  0.871 |     0.000 |     0.000 |        0.000 |     0.000 |



[ (3) TOP10 AVG ]

+-------+-----+-----+-----+-----+-----+--------+--------------+-------+--------+----------+-------+-------+-------+-------+--------+-----------+-----------+--------------+-----------+
| COUNT | 1XX | 2XX | 3XX | 4XX | 5XX | METHOD |     URI      |  MIN  |  MAX   |   SUM    |  AVG  |  P1   |  P50  |  P99  | STDDEV | MIN(BODY) | MAX(BODY) |  SUM(BODY)   | AVG(BODY) |
+-------+-----+-----+-----+-----+-----+--------+--------------+-------+--------+----------+-------+-------+-------+-------+--------+-----------+-----------+--------------+-----------+
|   207 |   0 | 128 |   0 |  79 |   0 | GET    | /fetch       | 0.004 | 10.005 | 1102.484 | 5.326 | 1.329 | 2.288 | 1.144 |  3.653 |     0.000 |  3008.000 |   384844.000 |  1859.150 |
|    48 |   0 |  22 |   0 |  26 |   0 | POST   | /message     | 0.007 |  3.002 |   94.209 | 1.963 | 0.007 | 3.001 | 0.752 |  1.072 |     0.000 |     0.000 |        0.000 |     0.000 |
|   193 |   0 | 161 |   9 |  23 |   0 | GET    | /channel/.+  | 0.005 | 10.001 |  371.440 | 1.925 | 0.005 | 7.673 | 1.533 |  3.186 |  3122.000 |  3167.000 |   506961.000 |  2626.741 |
|   222 |   0 | 210 |   0 |  12 |   0 | GET    | /message     | 0.004 | 10.001 |  287.277 | 1.294 | 0.010 | 1.047 | 0.631 |  1.949 |     2.000 | 88863.000 | 12158166.000 | 54766.514 |
|    30 |   0 |  18 |   6 |   6 |   0 | GET    | /profile/.+  | 0.004 | 10.001 |   37.918 | 1.264 | 0.014 | 0.035 | 3.288 |  2.997 |  3203.000 |  3232.000 |    56440.000 |  1881.333 |
|     9 |   0 |   0 |   9 |   0 |   0 | GET    | /logout      | 0.003 |  2.816 |    7.502 | 0.834 | 0.004 | 0.004 | 1.681 |  0.871 |     0.000 |     0.000 |        0.000 |     0.000 |
|    26 |   0 |   0 |  20 |   6 |   0 | POST   | /register    | 0.006 |  3.001 |   20.439 | 0.786 | 0.012 | 0.156 | 2.875 |  1.221 |     0.000 |     0.000 |        0.000 |     0.000 |
|    52 |   0 |  47 |   4 |   1 |   0 | GET    | /history/.+  | 0.003 | 10.000 |   37.550 | 0.722 | 0.055 | 1.133 | 2.880 |  1.493 |     0.000 |  9019.000 |   290073.000 |  5578.327 |
|    24 |   0 |   0 |  18 |   6 |   0 | POST   | /profile     | 0.006 |  1.749 |   12.936 | 0.539 | 0.014 | 0.022 | 1.740 |  0.585 |     0.000 |     0.000 |        0.000 |     0.000 |
|   586 |   0 |   0 | 510 |  76 |   0 | POST   | /login       | 0.004 |  3.004 |  270.348 | 0.461 | 0.006 | 0.008 | 1.948 |  0.938 |     0.000 |     0.000 |        0.000 |     0.000 |



[ (4) ALL LOGS ]

+-------+-----+-----+-----+-----+-----+--------+---------------------------------------------+--------+--------+----------+--------+--------+--------+--------+--------+-----------+-----------+--------------+-----------+
| COUNT | 1XX | 2XX | 3XX | 4XX | 5XX | METHOD |                     URI                     |  MIN   |  MAX   |   SUM    |  AVG   |   P1   |  P50   |  P99   | STDDEV | MIN(BODY) | MAX(BODY) |  SUM(BODY)   | AVG(BODY) |
+-------+-----+-----+-----+-----+-----+--------+---------------------------------------------+--------+--------+----------+--------+--------+--------+--------+--------+-----------+-----------+--------------+-----------+
|   586 |   0 |   0 | 510 |  76 |   0 | POST   | /login                                      |  0.004 |  3.004 |  270.348 |  0.461 |  0.006 |  0.008 |  1.948 |  0.938 |     0.000 |     0.000 |        0.000 |     0.000 |
|   280 |   0 |   0 | 274 |   6 |   0 | POST   | /add_channel                                |  0.004 |  2.892 |    5.310 |  0.019 |  0.010 |  0.009 |  0.005 |  0.172 |     0.000 |     0.000 |        0.000 |     0.000 |
|   222 |   0 | 210 |   0 |  12 |   0 | GET    | /message?channel_id=xxx&last_message_id=xxx |  0.004 | 10.001 |  287.277 |  1.294 |  0.010 |  1.047 |  0.631 |  1.949 |     2.000 | 88863.000 | 12158166.000 | 54766.514 |
|   207 |   0 | 128 |   0 |  79 |   0 | GET    | /fetch                                      |  0.004 | 10.005 | 1102.484 |  5.326 |  1.329 |  2.288 |  1.144 |  3.653 |     0.000 |  3008.000 |   384844.000 |  1859.150 |
|   152 |   0 | 152 |   0 |   0 |   0 | GET    | /favicon.ico                                |  0.000 |  0.000 |    0.000 |  0.000 |  0.000 |  0.000 |  0.000 |  0.000 |   318.000 |   318.000 |    48336.000 |   318.000 |
|    61 |   0 |  61 |   0 |   0 |   0 | GET    | /channel/10                                 |  0.189 |  3.273 |   29.340 |  0.481 |  0.202 |  0.513 |  0.631 |  0.397 |  3142.000 |  3167.000 |   192455.000 |  3155.000 |
|    60 |   0 |  60 |   0 |   0 |   0 | GET    | /channel/2                                  |  0.174 |  0.693 |   26.115 |  0.435 |  0.174 |  0.427 |  0.670 |  0.130 |  3135.000 |  3162.000 |   188919.000 |  3148.650 |
|    48 |   0 |  22 |   0 |  26 |   0 | POST   | /message                                    |  0.007 |  3.002 |   94.209 |  1.963 |  0.007 |  3.001 |  0.752 |  1.072 |     0.000 |     0.000 |        0.000 |     0.000 |
|    26 |   0 |   0 |  20 |   6 |   0 | POST   | /register                                   |  0.006 |  3.001 |   20.439 |  0.786 |  0.012 |  0.156 |  2.875 |  1.221 |     0.000 |     0.000 |        0.000 |     0.000 |
|    24 |   0 |   0 |  18 |   6 |   0 | POST   | /profile                                    |  0.006 |  1.749 |   12.936 |  0.539 |  0.014 |  0.022 |  1.740 |  0.585 |     0.000 |     0.000 |        0.000 |     0.000 |
|    15 |   0 |  11 |   4 |   0 |   0 | GET    | /                                           |  0.006 |  0.082 |    0.457 |  0.030 |  0.024 |  0.037 |  0.016 |  0.021 |   892.000 |   892.000 |     9812.000 |   654.133 |
|    15 |   0 |  15 |   0 |   0 |   0 | GET    | /history/1?page=xxx                         |  0.041 |  0.092 |    0.929 |  0.062 |  0.061 |  0.064 |  0.041 |  0.014 |  5864.000 |  9019.000 |   119767.000 |  7984.467 |
|    14 |   0 |   5 |   9 |   0 |   0 | GET    | /channel/1                                  |  0.005 |  7.673 |   17.683 |  1.263 |  0.005 |  0.013 |  1.302 |  2.517 |  3130.000 |  3141.000 |    15663.000 |  1118.786 |
|    12 |   0 |  12 |   0 |   0 |   0 | GET    | /profile/udagawa_hanako                     |  0.024 |  0.035 |    0.349 |  0.029 |  0.029 |  0.035 |  0.026 |  0.003 |  2979.000 |  3232.000 |    37298.000 |  3108.167 |
|    12 |   0 |  12 |   0 |   0 |   0 | GET    | /login                                      |  0.020 |  0.873 |    2.457 |  0.205 |  0.026 |  0.873 |  0.020 |  0.318 |   917.000 |   917.000 |    11004.000 |   917.000 |
|    11 |   0 |  10 |   0 |   1 |   0 | GET    | /channel/888                                |  0.021 | 10.001 |   42.132 |  3.830 |  0.021 |  3.444 |  4.569 |  2.223 |     0.000 |  3150.000 |    31387.000 |  2853.364 |
|    11 |   0 |   1 |   0 |  10 |   0 | GET    | /channel/798                                |  0.029 | 10.000 |  100.029 |  9.094 |  0.029 | 10.000 | 10.000 |  2.866 |     0.000 |  3145.000 |     3145.000 |   285.909 |
|    10 |   0 |   0 |   0 |  10 |   0 | GET    | /channel/769                                | 10.000 | 10.001 |  100.002 | 10.000 | 10.001 | 10.000 | 10.000 |  0.000 |     0.000 |     0.000 |        0.000 |     0.000 |
|    10 |   0 |   8 |   0 |   2 |   0 | GET    | /channel/910                                |  3.287 | 10.000 |   48.298 |  4.830 |  3.287 |  3.340 | 10.000 |  2.625 |     0.000 |  3140.000 |    25072.000 |  2507.200 |
|     9 |   0 |   0 |   9 |   0 |   0 | GET    | /logout                                     |  0.003 |  2.816 |    7.502 |  0.834 |  0.004 |  0.004 |  1.681 |  0.871 |     0.000 |     0.000 |        0.000 |     0.000 |
|     8 |   0 |   8 |   0 |   0 |   0 | GET    | /register                                   |  0.016 |  0.345 |    1.075 |  0.134 |  0.017 |  0.344 |  0.016 |  0.145 |   911.000 |   911.000 |     7288.000 |   911.000 |
|     7 |   0 |   3 |   4 |   0 |   0 | GET    | /history/1                                  |  0.003 |  3.571 |    3.729 |  0.533 |  0.050 |  0.053 |  0.003 |  1.241 |     0.000 |  8883.000 |    26627.000 |  3803.857 |
|     7 |   0 |   3 |   4 |   0 |   0 | GET    | /add_channel                                |  0.004 |  1.788 |    1.885 |  0.269 |  0.025 |  0.027 |  0.005 |  0.620 |     0.000 |  3091.000 |     9255.000 |  1322.143 |
|     6 |   0 |   6 |   0 |   0 |   0 | GET    | /channel/5                                  |  0.026 |  0.047 |    0.223 |  0.037 |  0.029 |  0.026 |  0.040 |  0.007 |  3145.000 |  3156.000 |    18907.000 |  3151.167 |
|     3 |   0 |   0 |   3 |   0 |   0 | GET    | /profile/ogura_nagatoshi                    |  0.004 |  0.012 |    0.021 |  0.007 |  0.005 |  0.005 |  0.012 |  0.004 |     0.000 |     0.000 |        0.000 |     0.000 |
|     3 |   0 |   0 |   0 |   3 |   0 | GET    | /profile/FMoWdiTskZoQJMqrTICTojIYxyeSxZyf   |  0.006 |  0.009 |    0.023 |  0.008 |  0.008 |  0.008 |  0.009 |  0.001 |     0.000 |     0.000 |        0.000 |     0.000 |
|     3 |   0 |   3 |   0 |   0 |   0 | GET    | /history/5                                  |  0.040 |  0.054 |    0.135 |  0.045 |  0.054 |  0.054 |  0.041 |  0.006 |  8857.000 |  8865.000 |    26584.000 |  8861.333 |
|     3 |   0 |   3 |   0 |   0 |   0 | GET    | /history/852                                |  0.519 |  0.763 |    1.826 |  0.609 |  0.519 |  0.519 |  0.544 |  0.110 |  2946.000 |  2949.000 |     8844.000 |  2948.000 |
|     3 |   0 |   3 |   0 |   0 |   0 | GET    | /history/10?page=xxx                        |  0.807 |  2.880 |    4.796 |  1.599 |  1.109 |  1.109 |  0.807 |  0.914 |  8337.000 |  9017.000 |    26017.000 |  8672.333 |
|     3 |   0 |   3 |   0 |   0 |   0 | GET    | /initialize                                 |  0.016 |  0.075 |    0.110 |  0.037 |  0.016 |  0.016 |  0.019 |  0.027 |     0.000 |     0.000 |        0.000 |     0.000 |
|     3 |   0 |   3 |   0 |   0 |   0 | GET    | /history/852?page=xxx                       |  0.767 |  1.153 |    2.692 |  0.897 |  0.772 |  0.772 |  0.767 |  0.181 |  2946.000 |  2949.000 |     8844.000 |  2948.000 |
|     3 |   0 |   0 |   1 |   2 |   0 | GET    | /profile/fukaya_youko                       |  3.288 | 10.001 |   23.289 |  7.763 | 10.001 | 10.001 | 10.000 |  3.164 |     0.000 |     0.000 |        0.000 |     0.000 |
|     2 |   0 |   2 |   0 |   0 |   0 | GET    | /channel/839                                |  0.465 |  1.738 |    2.203 |  1.101 |  0.465 |  0.465 |  0.465 |  0.636 |  3134.000 |  3134.000 |     6268.000 |  3134.000 |
|     2 |   0 |   2 |   0 |   0 |   0 | GET    | /channel/708                                |  0.026 |  0.300 |    0.326 |  0.163 |  0.026 |  0.026 |  0.026 |  0.137 |  3147.000 |  3149.000 |     6296.000 |  3148.000 |
|     2 |   0 |   2 |   0 |   0 |   0 | GET    | /history/10                                 |  0.494 |  0.794 |    1.288 |  0.644 |  0.794 |  0.794 |  0.794 |  0.150 |  8656.000 |  8666.000 |    17322.000 |  8661.000 |
|     2 |   0 |   2 |   0 |   0 |   0 | GET    | /channel/849                                |  1.535 |  1.546 |    3.081 |  1.540 |  1.535 |  1.535 |  1.535 |  0.006 |  3122.000 |  3128.000 |     6250.000 |  3125.000 |
|     1 |   0 |   1 |   0 |   0 |   0 | GET    | /channel/696                                |  0.398 |  0.398 |    0.398 |  0.398 |  0.398 |  0.398 |  0.398 |  0.000 |  3146.000 |  3146.000 |     3146.000 |  3146.000 |
|     1 |   0 |   1 |   0 |   0 |   0 | GET    | /history/773                                |  0.670 |  0.670 |    0.670 |  0.670 |  0.670 |  0.670 |  0.670 |  0.000 |  2955.000 |  2955.000 |     2955.000 |  2955.000 |
|     1 |   0 |   1 |   0 |   0 |   0 | GET    | /history/749                                |  0.738 |  0.738 |    0.738 |  0.738 |  0.738 |  0.738 |  0.738 |  0.000 |  2960.000 |  2960.000 |     2960.000 |  2960.000 |
|     1 |   0 |   1 |   0 |   0 |   0 | GET    | /profile/kumakura_tatsuya                   |  0.784 |  0.784 |    0.784 |  0.784 |  0.784 |  0.784 |  0.784 |  0.000 |  3230.000 |  3230.000 |     3230.000 |  3230.000 |
|     1 |   0 |   0 |   0 |   1 |   0 | GET    | /profile/oguchi_stmaria                     | 10.000 | 10.000 |   10.000 | 10.000 | 10.000 | 10.000 | 10.000 |  0.000 |     0.000 |     0.000 |        0.000 |     0.000 |
|     1 |   0 |   1 |   0 |   0 |   0 | GET    | /history/798                                |  0.810 |  0.810 |    0.810 |  0.810 |  0.810 |  0.810 |  0.810 |  0.000 |  2959.000 |  2959.000 |     2959.000 |  2959.000 |
|     1 |   0 |   1 |   0 |   0 |   0 | GET    | /history/6                                  |  0.875 |  0.875 |    0.875 |  0.875 |  0.875 |  0.875 |  0.875 |  0.000 |  8917.000 |  8917.000 |     8917.000 |  8917.000 |
|     1 |   0 |   1 |   0 |   0 |   0 | GET    | /history/776?page=xxx                       |  1.085 |  1.085 |    1.085 |  1.085 |  1.085 |  1.085 |  1.085 |  0.000 |  2963.000 |  2963.000 |     2963.000 |  2963.000 |
|     1 |   0 |   1 |   0 |   0 |   0 | GET    | /history/773?page=xxx                       |  1.133 |  1.133 |    1.133 |  1.133 |  1.133 |  1.133 |  1.133 |  0.000 |  2955.000 |  2955.000 |     2955.000 |  2955.000 |
|     1 |   0 |   1 |   0 |   0 |   0 | GET    | /history/749?page=xxx                       |  1.110 |  1.110 |    1.110 |  1.110 |  1.110 |  1.110 |  1.110 |  0.000 |  2960.000 |  2960.000 |     2960.000 |  2960.000 |
|     1 |   0 |   1 |   0 |   0 |   0 | GET    | /channel/659                                |  0.691 |  0.691 |    0.691 |  0.691 |  0.691 |  0.691 |  0.691 |  0.000 |  3142.000 |  3142.000 |     3142.000 |  3142.000 |
|     1 |   0 |   1 |   0 |   0 |   0 | GET    | /history/798?page=xxx                       |  1.103 |  1.103 |    1.103 |  1.103 |  1.103 |  1.103 |  1.103 |  0.000 |  2959.000 |  2959.000 |     2959.000 |  2959.000 |
|     1 |   0 |   1 |   0 |   0 |   0 | GET    | /history/6?page=xxx                         |  2.644 |  2.644 |    2.644 |  2.644 |  2.644 |  2.644 |  2.644 |  0.000 |  8721.000 |  8721.000 |     8721.000 |  8721.000 |
|     1 |   0 |   0 |   0 |   1 |   0 | GET    | /history/777                                | 10.000 | 10.000 |   10.000 | 10.000 | 10.000 | 10.000 | 10.000 |  0.000 |     0.000 |     0.000 |        0.000 |     0.000 |
|     1 |   0 |   1 |   0 |   0 |   0 | GET    | /history/776                                |  0.635 |  0.635 |    0.635 |  0.635 |  0.635 |  0.635 |  0.635 |  0.000 |  2963.000 |  2963.000 |     2963.000 |  2963.000 |
|     1 |   0 |   0 |   1 |   0 |   0 | GET    | /profile/kikuta_nozomi                      |  0.019 |  0.019 |    0.019 |  0.019 |  0.019 |  0.019 |  0.019 |  0.000 |     0.000 |     0.000 |        0.000 |     0.000 |
|     1 |   0 |   1 |   0 |   0 |   0 | GET    | /profile/nohara_miyuki                      |  0.034 |  0.034 |    0.034 |  0.034 |  0.034 |  0.034 |  0.034 |  0.000 |  3036.000 |  3036.000 |     3036.000 |  3036.000 |
|     1 |   0 |   1 |   0 |   0 |   0 | GET    | /history/910                                |  0.033 |  0.033 |    0.033 |  0.033 |  0.033 |  0.033 |  0.033 |  0.000 |  2947.000 |  2947.000 |     2947.000 |  2947.000 |
|     1 |   0 |   1 |   0 |   0 |   0 | GET    | /profile/hannda_chise                       |  0.382 |  0.382 |    0.382 |  0.382 |  0.382 |  0.382 |  0.382 |  0.000 |  3229.000 |  3229.000 |     3229.000 |  3229.000 |
|     1 |   0 |   1 |   0 |   0 |   0 | GET    | /profile/konishi_kou                        |  0.403 |  0.403 |    0.403 |  0.403 |  0.403 |  0.403 |  0.403 |  0.000 |  3214.000 |  3214.000 |     3214.000 |  3214.000 |
|     1 |   0 |   1 |   0 |   0 |   0 | GET    | /channel/702                                |  0.376 |  0.376 |    0.376 |  0.376 |  0.376 |  0.376 |  0.376 |  0.000 |  3157.000 |  3157.000 |     3157.000 |  3157.000 |
|     1 |   0 |   1 |   0 |   0 |   0 | GET    | /history/824                                |  0.519 |  0.519 |    0.519 |  0.519 |  0.519 |  0.519 |  0.519 |  0.000 |  2951.000 |  2951.000 |     2951.000 |  2951.000 |
|     1 |   0 |   1 |   0 |   0 |   0 | GET    | /profile/sekine_yuuji                       |  0.239 |  0.239 |    0.239 |  0.239 |  0.239 |  0.239 |  0.239 |  0.000 |  3230.000 |  3230.000 |     3230.000 |  3230.000 |
|     1 |   0 |   1 |   0 |   0 |   0 | GET    | /channel/6                                  |  0.543 |  0.543 |    0.543 |  0.543 |  0.543 |  0.543 |  0.543 |  0.000 |  3154.000 |  3154.000 |     3154.000 |  3154.000 |
|     1 |   0 |   1 |   0 |   0 |   0 | GET    | /history/824?page=xxx                       |  0.679 |  0.679 |    0.679 |  0.679 |  0.679 |  0.679 |  0.679 |  0.000 |  2951.000 |  2951.000 |     2951.000 |  2951.000 |
|     1 |   0 |   1 |   0 |   0 |   0 | GET    | /history/730                                |  0.055 |  0.055 |    0.055 |  0.055 |  0.055 |  0.055 |  0.055 |  0.000 |  2956.000 |  2956.000 |     2956.000 |  2956.000 |
|     1 |   0 |   0 |   1 |   0 |   0 | GET    | /profile/imamura_akinobu                    |  0.014 |  0.014 |    0.014 |  0.014 |  0.014 |  0.014 |  0.014 |  0.000 |     0.000 |     0.000 |        0.000 |     0.000 |
|     1 |   0 |   1 |   0 |   0 |   0 | GET    | /profile/irie_ann                           |  2.361 |  2.361 |    2.361 |  2.361 |  2.361 |  2.361 |  2.361 |  0.000 |  3203.000 |  3203.000 |     3203.000 |  3203.000 |
|     1 |   0 |   1 |   0 |   0 |   0 | GET    | /history/820                                |  0.066 |  0.066 |    0.066 |  0.066 |  0.066 |  0.066 |  0.066 |  0.000 |  2951.000 |  2951.000 |     2951.000 |  2951.000 |
+-------+-----+-----+-----+-----+-----+--------+---------------------------------------------+--------+--------+----------+--------+--------+--------+--------+--------+-----------+-----------+--------------+-----------+



